0
1
2
3
4
5
6
7
8
9
10
11
12
13
14
15
16
17
18
19
20
21
22
23
24
25
26
27
28
29
30
31
32
33
34
35
36
37
38
39
40
41
42
43
44
45
46
47
48
49
50
51
52
53
54
55
56
57
58
59
60
61
62
63
64
65
66
67
68
69
70
71
72
73
74
75
76
77
78
79
80
81
82
83
84
85
86
87
88
89
90
91
92
96
102
110
115
120
122
129
135
136
138
166
167
172
175
184
191
196
198
199
201
208
211
217
220
225
226
227
238
239
242
248
252
262
263
267
272
273
276
284
285
286
290
304
309
316
329
331
337
340
344
345
352
367
370
371
372
381
383
384
388
389
392
396
401
406
410
411
414
416
418
419
421
428
430
441
443
444
452
455
465
467
469
473
483
484
489
494
496
499
500
503
505
506
513
518
523
527
535
536
544
557
558
561
562
563
567
568
569
572
573
575
576
579
588
589
592
596
598
605
611
624
628
631
632
638
641
645
647
650
652
654
657
659
661
665
668
670
672
674
676
684
685
687
690
697
699
701
704
707
709
711
712
718
723
725
735
741
742
744
745
746
747
748
752
755
759
762
768
773
774
775
779
780
783
785
796
800
802
809
814
815
817
835
836
837
838
844
845
846
866
876
877
878
879
883
892
893
895
897
903
904
905
907
912
913
915
916
924
927
929
930
934
936
937
938
944
951
953
956
957
958
965
977
978
985
988
989
990
1000
1003
1004
1005
1012
1017
1029
1030
1031
1036
1037
1039
1042
1047
1049
1050
1052
1053
1054
1056
1057
1058
1064
1072
1087
1089
1090
1096
1097
1098
1103
1114
1116
1121
1127
1132
1142
1147
1150
1154
1158
1162
1172
1176
1182
1185
1197
1204
1206
1210
1212
1214
1217
1218
1224
1226
1230
1231
1232
1233
1235
1237
1247
1249
1256
1257
1267
1274
1275
1277
1281
1282
1284
1299
1306
1316
1320
1321
1322
1330
1331
1333
1342
1346
1348
1354
1362
1363
1367
1368
1376
1381
1382
1383
1387
1389
1414
1415
1416
1421
1422
1423
1424
1426
1430
1433
1434
1437
1443
1444
1447
1449
1450
1451
1452
1460
1466
1467
1468
1469
1476
1480
1481
1483
1485
1487
1490
1495
1497
1510
1517
1519
1521
1532
1542
1551
1561
1562
1563
1575
1578
1580
1592
1609
1611
1615
1621
1623
1632
1633
1638
1639
1643
1644
1653
1655
1656
1663
1664
1671
1675
1676
1678
1682
1683
1684
1696
1701
1709
1721
1722
1729
1733
1734
1737
1750
1756
1762
1764
1765
1766
1775
1789
1790
1794
1795
1796
1801
1803
1804
1806
1812
1820
1826
1831
1833
1834
1837
1839
1843
1845
1850
1852
1853
1862
1866
1875
1880
1886
1888
1892
1899
1900
1904
1906
1909
1913
1917
1923
1924
1927
1928
1929
1934
1935
1938
1939
1942
1945
1946
1950
1951
1954
1955
1957
1962
1964
1968
1970
1978
1984
1989
1997
2006
2016
2018
2019
2021
2024
2034
2036
2041
2042
2049
2057
2060
2064
2069
2073
2076
2078
2080
2081
2082
2083
2085
2086
2092
2101
2103
2107
2108
2122
2125
2128
2143
2152
2154
2159
2163
2164
2165
2180
2184
2187
2190
2191
2193
2202
2204
2205
2206
2211
2216
2217
2219
2222
2223
2224
2233
2235
2239
2241
2245
2246
2247
2248
2251
2253
2260
2261
2262
2265
2269
2271
2272
2273
2289
2295
2297
2301
2304
2305
2307
2308
2310
2317
2321
2324
2326
2328
2329
2331
2335
2336
2341
2345
2349
2358
2359
2361
2368
2370
2371
2372
2373
2377
2379
2380
2381
2385
2394
2395
2396
2398
2400
2403
2405
2406
2413
2417
2418
2422
2425
2426
2427
2446
2451
2453
2454
2460
2473
2477
2478
2479
2484
2487
2492
2496
2498
2503
2505
2508
2509
2510
2516
2518
2519
2528
2529
2534
2542
2543
2546
2551
2553
2557
2558
2559
2561
2565
2569
2577
2589
2592
2601
2606
2608
2612
2619
2630
2635
2639
2646
2651
2653
2661
2664
2671
2676
2678
2680
2681
2685
2686
2687
2693
2696
2702
2704
2716
2717
2718
2721
2724
2726
2729
2734
2735
2740
2741
2747
2753
2761
2763
2774
2778
2784
2791
2793
2803
2809
2815
2816
2819
2821
2824
2831
2843
2844
2847
2849
2850
2852
2861
2862
2864
2868
2876
2886
2887
2889
2890
2903
2904
2905
2908
2916
2919
2921
2924
2931
2933
2935
2946
2948
2951
2957
2964
2966
2968
2975
2978
2983
2986
2995
3010
3014
3022
3024
3036
3038
3041
3045
3048
3056
3057
3058
3060
3063
3065
3068
3075
3087
3089
3091
3097
3103
3111
3113
3115
3120
3123
3125
3131
3138
3147
3152
3157
3158
3160
3163
3166
3168
3172
3186
3189
3199
3202
3210
3212
3214
3215
3220
3222
3237
3239
3240
3242
3246
3252
3260
3263
3264
3268
3282
3283
3290
3291
3292
3293
3296
3297
3299
3300
3301
3304
3305
3313
3314
3319
3320
3322
3324
3325
3328
3329
3333
3334
3336
3339
3346
3352
3361
3367
3380
3383
3387
3388
3395
3397
3402
3412
3425
3426
3432
3435
3440
3441
3442
3447
3454
3458
3463
3466
3467
3468
3471
3475
3477
3486
3492
3495
3501
3504
3513
3515
3516
3518
3522
3538
3540
3545
3549
3554
3556
3566
3571
3572
3573
3577
3579
3581
3582
3583
3598
3604
3608
3609
3610
3612
3615
3622
3624
3629
3632
3633
3634
3638
3641
3642
3643
3645
3651
3654
3663
3667
3668
3672
3680
3682
3685
3700
3705
3706
3709
3710
3712
3721
3722
3725
3728
3731
3733
3735
3737
3740
3743
3745
3746
3748
3754
3770
3776
3780
3785
3786
3787
3788
3789
3790
3793
3799
3800
3810
3812
3828
3829
3830
3832
3841
3853
3856
3858
3863
3864
3865
3868
3870
3872
3873
3874
3875
3886
3902
3911
3912
3920
3921
3925
3931
3932
3934
3937
3943
3945
3950
3952
3965
3969
3971
3972
3982
3984
3989
3996
3997
3998
4000
4001
4004
4005
4006
4009
4010
4011
4018
4022
4027
4029
4030
4032
4033
4038
4041
4045
4046
4066
4070
4077
4080
4081
4088
4096
4103
4104
4109
4110
4124
4132
4136
4138
4145
4146
4149
4150
4154
4156
4157
4159
4160
4163
4166
4170
4173
4174
4176
4179
4190
4192
4194
4196
4197
4198
4208
4210
4211
4214
4217
4219
4223
4225
4232
4252
4254
4255
4257
4261
4262
4275
4276
4286
4299
4303
4312
4314
4318
4322
4324
4326
4328
4331
4332
4334
4335
4336
4339
4344
4350
4353
4357
4358
4367
4370
4374
4380
4381
4382
4386
4393
4403
4406
4407
4419
4421
4425
4426
4427
4430
4431
4436
4439
4441
4447
4452
4455
4465
4466
4469
4470
4476
4477
4490
4491
4493
4494
4495
4496
4497
4498
4499
4500
4501
4502
4503
4504
4505
4506
4507
4508
4509
4510
4511
4512
4513
4514
4515
4516
4517
4518
4519
4520
4521
4522
4523
4524
4525
4526
4527
4528
4529
4530
4531
4532
4533
4534
4535
4536
4537
4538
4539
4540
4541
4542
4543
4544
4545
4546
4547
4548
4549
4550
4551
4552
4553
4554
4555
4556
4557
4558
4559
4560
4561
4562
4563
4564
4565
4566
4567
4568
4569
4570
4571
4572
4573
4574
4575
4576
4577
