0
1
2
3
4
5
6
7
8
9
10
11
12
13
14
15
16
17
18
19
20
21
22
23
24
25
26
27
28
29
30
31
32
33
34
35
36
37
38
39
40
41
42
43
44
45
46
47
48
49
50
51
52
53
54
55
56
57
58
59
60
61
62
63
64
65
66
67
68
69
70
71
72
73
74
75
76
77
78
79
80
81
82
83
84
85
86
87
88
89
89
90
90
91
91
92
92
93
100
102
106
108
115
116
117
120
121
122
125
132
139
140
143
145
146
147
151
153
154
167
172
178
180
181
183
194
195
196
200
202
221
222
226
227
228
230
232
235
238
242
250
254
255
256
260
262
276
287
288
289
297
303
309
316
318
319
325
327
328
329
330
332
355
362
368
371
373
378
383
385
390
395
397
398
399
400
407
409
415
417
424
425
427
428
435
436
438
449
451
457
458
459
469
471
493
505
511
512
531
533
544
553
565
566
571
580
584
597
598
599
600
602
605
606
617
619
627
642
650
653
655
661
662
667
668
672
673
677
694
704
706
709
719
724
733
737
743
745
746
747
751
752
757
760
761
762
765
766
778
781
782
787
788
794
805
810
815
817
818
820
821
822
823
824
825
826
829
845
846
847
848
849
850
851
852
853
855
863
866
869
873
876
877
878
880
882
885
886
892
893
894
899
903
906
908
909
913
922
926
927
936
942
952
953
960
961
962
983
987
988
989
996
1000
1004
1007
1009
1015
1028
1033
1035
1037
1042
1044
1055
1064
1075
1079
1087
1095
1097
1099
1114
1117
1122
1125
1131
1132
1142
1148
1201
1204
1216
1219
1237
1239
1241
1247
1249
1250
1252
1255
1261
1272
1274
1275
1277
1297
1301
1304
1310
1311
1331
1332
1334
1336
1337
1338
1339
1344
1346
1357
1359
1361
1362
1364
1366
1369
1371
1381
1382
1384
1386
1387
1388
1390
1394
1395
1396
1398
1403
1409
1413
1419
1425
1426
1429
1434
1435
1436
1437
1446
1460
1461
1462
1465
1468
1469
1470
1472
1473
1474
1477
1479
1480
1487
1488
1494
1495
1496
1498
1500
1501
1505
1506
1507
1514
1517
1521
1524
1525
1527
1532
1536
1538
1540
1544
1546
1549
1551
1552
1554
1556
1557
1558
1559
1560
1561
1562
1566
1568
1569
1574
1575
1578
1579
1580
1581
1582
1583
1584
1585
1588
1589
1590
1593
1595
1604
1608
1611
1612
1615
1618
1620
1623
1631
1635
1637
1639
1640
1642
1646
1661
1663
1664
1665
1666
1667
1668
1669
1675
1689
1690
1691
1692
1693
1695
1696
1698
1700
1716
1717
1723
1728
1729
1742
1745
1772
1773
1774
1788
1797
1798
1825
1827
1829
1836
1848
1851
1853
1854
1857
1862
1864
1879
1881
1882
1893
1899
1905
1932
1963
1986
1990
2041
2103
2119
2129
2130
2138
2209
2210
2211
2212
2214
2215
2231
2232
2240
2258
2259
2272
2275
2283
2285
2286
2291
2292
2293
2294
2295
2296
2297
2298
2299
2302
2303
2304
2305
2306
2307
2308
2309
2310
2311
2315
2316
2317
2318
2319
2330
2334
2341
2342
2347
2349
2356
2375
2376
2377
2383
2387
2397
2399
2400
2402
2404
2412
2415
2417
2424
2428
2430
2431
2445
2454
2456
2457
2464
2473
2483
2491
2492
2496
2498
2499
2504
2505
2506
2515
2517
2525
2527
2529
2530
2536
2537
2540
2552
2554
2560
2561
2563
2564
2566
2575
2579
2590
2591
2598
2600
2604
2608
2618
2622
2632
2641
2642
2652
2657
2658
2659
2660
2661
2662
2665
2666
2667
2673
2674
2679
2680
2686
2700
2701
2703
2710
2713
2714
2715
2723
2725
2730
2737
2738
2739
2740
2741
2743
2744
2745
2746
2747
2749
2753
2760
2764
2767
2768
2769
2771
2772
2773
2774
2775
2776
2787
2788
2791
2792
2795
2796
2800
2801
2802
2804
2805
2806
2809
2814
2822
2823
2825
2829
2830
2837
2844
2850
2862
2863
2864
2869
2870
2874
2876
2877
2878
2883
2893
2894
2897
2898
2902
2905
2906
2910
2912
2915
2920
2922
2928
2932
2936
2937
2938
2942
2945
2952
2953
2955
2956
2957
2960
2961
2964
2967
2970
2976
2978
2991
2995
2996
2997
3001
3002
3014
3019
3020
3025
3026
3027
3028
3031
3032
3033
3034
3035
3036
3037
3041
3042
3043
3045
3047
3051
3052
3056
3058
3059
3060
3063
3066
3068
3069
3084
3085
3089
3090
3099
3100
3107
3109
3110
3120
3122
3124
3125
3132
3136
3138
3139
3142
3145
3149
3152
3159
3163
3164
3173
3186
3190
3191
3192
3193
3201
3202
3207
3218
3226
3233
3240
3241
3244
3245
3248
3258
3260
3271
3272
3273
3278
3281
3285
3286
3292
3294
3296
3297
3298
3299
3301
3307
3314
3315
3323
3324
3325
3329
3330
3345
3346
3349
3356
3357
3359
3363
3365
3367
3368
3369
3370
3372
3373
3379
3385
3386
3387
3388
3389
3390
3391
3394
3400
3401
3412
3413
3416
3417
3418
3426
3427
3430
3431
3432
3434
3439
3443
3444
3448
3451
3454
3470
3481
3488
3489
3490
3493
3494
3495
3504
3511
3514
3517
3518
3521
3522
3533
3536
3537
3538
3539
3540
3542
3543
3545
3552
3557
3558
3559
3562
3563
3564
3565
3566
3568
3569
3571
3573
3582
3583
3584
3587
3597
3598
3600
3603
3604
3607
3612
3619
3627
3628
3634
3639
3643
3647
3649
3650
3652
3654
3679
3680
3682
3683
3687
3688
3689
3690
3691
3710
3733
3734
3735
3736
3737
3740
3742
3743
3745
3747
3749
3750
3754
3758
3759
3760
3761
3762
3763
3764
3765
3766
3767
3768
3769
3770
3771
3772
3773
3774
3775
3777
3778
3779
3780
3781
3782
3783
3785
3786
3788
3790
3791
3799
3800
3806
3809
3810
3812
3813
3826
3827
3833
3836
3837
3840
3842
3844
3845
3852
3855
3858
3860
3861
3863
3864
3865
3870
3871
3873
3878
3879
3880
3888
3890
3891
3892
3893
3896
3897
3898
3899
3908
3910
3924
3925
3926
3931
3938
3941
3953
3971
3974
3975
3981
3995
4009
4016
4027
4029
4030
4032
4033
4034
4035
4041
4042
4043
4044
4053
4059
4060
4068
4075
4082
4087
4088
4090
4102
4104
4113
4119
4121
4122
4128
4131
4135
4136
4137
4147
4155
4156
4157
4172
4186
4187
4196
4203
4210
4211
4213
4215
4216
4219
4221
4222
4230
4243
4254
4264
4266
4269
4271
4272
4281
4282
4291
4300
4301
4305
4324
4328
4329
4330
4331
4332
4334
4342
4346
4348
4357
4374
4377
4378
4379
4383
4384
4386
4387
4395
4400
4405
4408
4409
4410
4411
4412
4413
4414
4415
4417
4418
4419
4424
4427
4428
4431
4432
4433
4434
4436
4437
4443
4444
4446
4447
4449
4450
4453
4455
4458
4459
4460
4462
4463
4464
4465
4466
4467
4468
4470
4471
4472
4473
4474
4475
4476
4477
4478
4479
4480
4481
4482
4483
4484
4485
4486
4487
4488
4489
4490
4491
4492
4493
4494
4495
4496
4497
4498
4499
4500
4501
4502
4503
4504
4505
4506
4507
4508
4509
4510
4511
4512
4513
4514
4515
4516
4517
4518
4519
4520
4521
4522
4523
4524
4525
4526
4527
4528
4529
4530
4531
4532
4533
4534
4535
4536
4537
4538
4539
4540
4541
4542
4543
4544
4545
4546
4547
4548
4549
4550
4551
4552
4553
4554
4555
4556
4557
4558
4559
4560
4561
4562
4563
4564
4565
4566
4567
4568
4569
4570
4571
4572
4573
4574
4575
4576
4577
